<svg width="180" height="54" viewBox="0 0 180 54" fill="none" xmlns="http://www.w3.org/2000/svg">
<g clip-path="url(#clip0_136_766)">
<path d="M95.7955 32.0412H107.909L107.543 42.6342C107.543 43.6565 107.833 43.8992 108.25 43.9759C108.793 44.0781 109.349 43.682 109.639 42.4425C109.93 41.2031 111.256 34.6734 111.635 32.5012C112.065 30.1117 110.801 30.2778 110.018 30.2778H94.1029C93.8124 30.2778 93.5976 30.4439 93.7492 30.7889C93.9008 31.1211 94.8987 32.0412 95.7828 32.0412" fill="white"/>
<path d="M112.519 47.2595H105.812V38.481C105.812 38.3021 105.673 38.1615 105.496 38.1615H101.517C101.1 38.1615 101.075 38.5704 101.403 38.6854C102.363 39.056 102.452 39.4393 102.452 40.4232V47.2595H100.443V38.8387C100.443 38.6598 100.304 38.5193 100.127 38.5193H96.1487C95.7318 38.5193 95.7066 38.9282 96.0223 39.056C96.9823 39.4265 97.0834 39.8099 97.0834 40.7938V47.2595H91.6393C91.3488 47.2595 91.1214 47.4256 91.2856 47.7706C91.4372 48.1029 92.4351 49.0229 93.3193 49.0229H112.519C113.176 49.0229 113.504 48.729 113.504 48.1412C113.504 47.5534 113.176 47.2595 112.519 47.2595Z" fill="white"/>
<path d="M134.698 39.8475H113.288C112.998 39.8475 112.77 40.0136 112.935 40.3586C113.086 40.6908 114.084 41.6109 114.968 41.6109H119.099V45.0098H116.193C115.903 45.0098 115.676 45.1759 115.84 45.521C115.991 45.8532 116.989 46.7732 117.861 46.7732H128.345V53.0856C128.345 53.2645 128.484 53.4051 128.66 53.4051H130.088C130.972 53.4051 131.705 52.6639 131.705 51.7567V45.3293C131.705 45.1504 131.566 45.0098 131.389 45.0098H129.507V41.6109H134.698C135.342 41.6109 135.671 41.317 135.671 40.7292C135.671 40.1414 135.342 39.8475 134.698 39.8475ZM126.159 45.0098H122.446V41.6109H126.159V45.0098Z" fill="white"/>
<path d="M124.302 38.596C127.914 38.596 130.857 36.1937 130.857 33.2164C130.857 30.2391 127.927 27.824 124.302 27.824C120.677 27.824 117.759 30.2391 117.759 33.2164C117.759 36.1937 120.689 38.596 124.302 38.596ZM124.302 29.498C126.045 29.498 127.447 31.1591 127.447 33.2164C127.447 35.2737 126.032 36.9348 124.302 36.9348C122.571 36.9348 121.144 35.2737 121.144 33.2164C121.144 31.1591 122.559 29.498 124.302 29.498Z" fill="white"/>
<path d="M143.653 37.8547C146.862 37.8547 149.451 35.7718 149.451 33.2034C149.451 30.635 146.862 28.5522 143.653 28.5522C140.445 28.5522 137.868 30.635 137.868 33.2034C137.868 35.7718 140.458 37.8547 143.653 37.8547ZM143.653 30.3284C145.005 30.3284 146.104 31.6189 146.104 33.2162C146.104 34.8135 145.005 36.1041 143.653 36.1041C142.302 36.1041 141.215 34.8135 141.215 33.2162C141.215 31.6189 142.302 30.3284 143.653 30.3284Z" fill="white"/>
<path d="M155.363 50.8248H145.397V45.9947C145.397 45.8158 145.258 45.6752 145.081 45.6752H141.103C140.686 45.6752 140.66 46.0841 140.976 46.2119C141.936 46.5825 142.037 46.9658 142.037 47.9497V50.7864C142.037 51.7704 142.833 52.5754 143.806 52.5754H155.363C156.02 52.5754 156.336 52.2815 156.336 51.7065C156.336 51.1315 156.007 50.8248 155.363 50.8248Z" fill="white"/>
<path d="M142 44.5129C142 44.6918 142.139 44.8323 142.315 44.8323H143.743C144.64 44.8323 145.36 44.0912 145.36 43.1967V40.7817H146.32C147.671 40.7817 150.576 40.5644 152.484 39.5422V41.8167H147.81C147.52 41.8167 147.292 41.9828 147.444 42.3278C147.608 42.6601 148.593 43.5801 149.477 43.5801H152.471V46.8768C152.471 47.0557 152.61 47.1963 152.787 47.1963H154.214C155.111 47.1963 155.831 46.4552 155.831 45.5607V28.4125C155.831 28.2336 155.692 28.093 155.515 28.093H151.536C151.119 28.093 151.094 28.5019 151.423 28.6169C152.37 28.9875 152.484 29.3708 152.484 30.3547V37.5488C150.639 38.7883 148.063 39.0055 146.32 39.0055H136C135.709 39.0055 135.495 39.1716 135.646 39.5166C135.81 39.8489 136.796 40.7689 137.68 40.7689H142.012V44.5129H142Z" fill="white"/>
<path d="M22.6084 38.3915H18.7685C19.1095 36.8964 19.9053 33.3824 20.3221 31.4146C20.8148 29.0379 19.4885 29.1912 18.7053 29.1912H4.04047C3.74995 29.1912 3.52259 29.3573 3.67416 29.7023C3.82574 30.0346 4.83624 30.9546 5.70779 30.9546H16.5707L16.3559 38.3915H1.21107C0.920554 38.3915 0.693192 38.5576 0.844767 38.9026C1.00897 39.2348 2.00684 40.1548 2.8784 40.1548H22.6084C23.2652 40.1548 23.5936 39.861 23.5936 39.2732C23.5936 38.6854 23.2652 38.3915 22.6084 38.3915Z" fill="white"/>
<path d="M45.9643 41.2529C46.6211 41.2529 46.9495 40.959 46.9495 40.3713C46.9495 39.7835 46.6211 39.4896 45.9643 39.4896H24.5543C24.2638 39.4896 24.0365 39.6557 24.2007 39.9879C24.3522 40.3329 25.3501 41.2402 26.2343 41.2402H30.2763V45.1119C29.4553 46.0064 28.9753 47.1181 28.9753 48.3192C28.9753 51.3221 31.9184 53.7372 35.5688 53.7372C39.2192 53.7372 42.1623 51.3093 42.1623 48.3192C42.1623 47.1181 41.6823 46.0064 40.8613 45.1119V41.2402H45.9517L45.9643 41.2529ZM33.6362 41.2529H37.5266V43.1569C36.9203 43.0035 36.2509 42.9141 35.5814 42.9141C34.912 42.9141 34.2425 43.0035 33.6362 43.1569V41.2529ZM35.5814 52.0888C33.8257 52.0888 32.3983 50.4021 32.3983 48.3448C32.3983 46.2875 33.813 44.6008 35.5814 44.6008C37.3498 44.6008 38.7519 46.2747 38.7519 48.3448C38.7519 50.4149 37.3372 52.0888 35.5814 52.0888Z" fill="white"/>
<path d="M35.5805 38.596C39.2057 38.596 42.1361 36.1937 42.1361 33.2164C42.1361 30.2391 39.2057 27.824 35.5805 27.824C31.9554 27.824 29.0249 30.2391 29.0249 33.2164C29.0249 36.1937 31.968 38.596 35.5805 38.596ZM35.5805 29.498C37.3236 29.498 38.7383 31.1591 38.7383 33.2164C38.7383 35.2737 37.3236 36.9348 35.5805 36.9348C33.8374 36.9348 32.4227 35.2737 32.4227 33.2164C32.4227 31.1591 33.8374 29.498 35.5805 29.498Z" fill="white"/>
<path d="M49.5639 29.4472C50.5239 29.8177 50.6249 30.2011 50.6249 31.185V37.9319C50.6249 38.9158 51.4207 39.7208 52.3933 39.7208H65.1382C65.7824 39.7208 66.1235 39.4269 66.1235 38.8391C66.1235 38.2513 65.7951 37.9574 65.1382 37.9574H53.9722V35.159H64.5446C65.1888 35.159 65.5172 34.8651 65.5172 34.2773C65.5172 33.6895 65.1888 33.3956 64.5446 33.3956H53.9722V30.6611H64.8351C65.4919 30.6611 65.8203 30.3672 65.8203 29.7794C65.8203 29.1916 65.4919 28.8977 64.8351 28.8977H49.6776C49.2608 28.8977 49.2355 29.3066 49.5639 29.4344" fill="white"/>
<path d="M69.295 42.5592C69.295 41.9714 68.9666 41.6775 68.3224 41.6775H46.9125C46.6219 41.6775 46.4072 41.8436 46.5588 42.1886C46.7104 42.5208 47.7082 43.4409 48.5924 43.4409H56.2469V53.0756C56.2469 53.2545 56.3985 53.395 56.5627 53.395H57.9774C58.8742 53.395 59.6069 52.6667 59.6069 51.7466V43.4409H68.3098C68.9666 43.4409 69.2824 43.147 69.2824 42.5592" fill="white"/>
<path d="M91.5254 36.8205H88.6328V28.4125C88.6328 28.2336 88.4939 28.093 88.3171 28.093H84.3382C83.9088 28.093 83.8961 28.5019 84.2119 28.6169C85.1719 28.9875 85.2729 29.3708 85.2729 30.3547V53.0614C85.2729 53.2403 85.4119 53.3809 85.5887 53.3809H87.016C87.9129 53.3809 88.6328 52.6525 88.6328 51.7325V38.5583H91.5254C92.1822 38.5583 92.498 38.2644 92.498 37.6766C92.498 37.0888 92.1822 36.7949 91.5254 36.7949" fill="white"/>
<path d="M78.3881 38.7379C79.6007 37.1279 81.5838 33.3455 82.0259 32.1444C82.3164 31.3521 81.988 30.8538 81.1796 30.8538H70.4431C70.1652 30.8538 69.9252 31.0199 70.102 31.3649C70.2536 31.6972 71.2515 32.6172 72.123 32.6172H77.605C76.4177 37.0256 72.5651 42.4819 68.8642 46.0853C68.1568 46.8009 68.7 47.2737 69.6473 46.7626C72.262 45.3825 75.5966 42.2136 77.3397 40.1179C78.1229 40.8591 80.2954 43.5808 81.2681 45.587C81.8996 46.9159 82.5817 47.2226 83.1627 46.7753C83.6427 46.4048 83.7817 43.3764 82.847 42.188C82.1017 41.2424 79.1586 39.2746 78.3881 38.7379Z" fill="white"/>
<path d="M19.3745 43.1564H4.35597C3.93914 43.1564 3.91388 43.5525 4.22966 43.6803C5.18963 44.0508 5.29068 44.4342 5.29068 45.4309V50.7977C5.29068 51.7816 6.07382 52.5866 7.05906 52.5866H17.9219C18.8945 52.5866 19.6903 51.7816 19.6903 50.7977V43.4758C19.6903 43.2969 19.5387 43.1564 19.3745 43.1564ZM16.3304 50.8232H8.65059V44.9197H16.3304V50.8232Z" fill="white"/>
<path d="M19.2998 9.76873H16.0788C16.382 8.51647 17.0388 5.57751 17.3799 3.92913C17.7967 1.93574 16.6851 2.06352 16.0283 2.06352H3.75076C3.51076 2.06352 3.33393 2.20408 3.46024 2.4852C3.58655 2.76632 4.43284 3.53301 5.16546 3.53301H14.2473L14.0705 9.75595H1.38871C1.14872 9.75595 0.959252 9.89651 1.07293 10.1904C1.21188 10.4715 2.04554 11.2382 2.77815 11.2382H19.2998C19.843 11.2382 20.1208 10.9954 20.1208 10.4971C20.1208 9.99874 19.8556 9.75595 19.2998 9.75595" fill="white"/>
<path d="M38.8525 10.6886H20.9288C20.6761 10.6886 20.4867 10.8292 20.6256 11.1103C20.7519 11.3914 21.5856 12.1581 22.3308 12.1581H25.716V15.4165C25.0465 16.1705 24.6297 17.1033 24.6297 18.1C24.6297 20.6045 27.0928 22.6362 30.1496 22.6362C33.2063 22.6362 35.6694 20.6045 35.6694 18.1C35.6694 17.0905 35.2652 16.1577 34.5831 15.4165V12.1581H38.8525C39.4083 12.1581 39.6735 11.9153 39.6735 11.4298C39.6735 10.9442 39.4083 10.6886 38.8525 10.6886ZM28.5328 12.1709H31.779V13.7809C31.2737 13.6532 30.7306 13.5765 30.1496 13.5765C29.5685 13.5765 29.038 13.6532 28.5328 13.7809V12.1709ZM30.1496 21.2434C28.6843 21.2434 27.497 19.8378 27.497 18.1C27.497 16.3621 28.6843 14.9693 30.1496 14.9693C31.6148 14.9693 32.8148 16.3749 32.8148 18.1C32.8148 19.825 31.6274 21.2434 30.1496 21.2434Z" fill="white"/>
<path d="M30.149 9.94875C33.1804 9.94875 35.6309 7.92981 35.6309 5.43808C35.6309 2.94634 33.1678 0.927399 30.149 0.927399C27.1301 0.927399 24.667 2.94634 24.667 5.43808C24.667 7.92981 27.1301 9.94875 30.149 9.94875ZM30.149 2.32021C31.6142 2.32021 32.7889 3.71303 32.7889 5.43808C32.7889 7.16312 31.6142 8.55593 30.149 8.55593C28.6837 8.55593 27.509 7.16312 27.509 5.43808C27.509 3.71303 28.6964 2.32021 30.149 2.32021Z" fill="white"/>
<path d="M41.8705 2.29301C42.6789 2.61247 42.7547 2.91914 42.7547 3.74972V9.39765C42.7547 10.2282 43.4241 10.8927 44.2452 10.8927H54.9186C55.4617 10.8927 55.7396 10.6499 55.7396 10.1643C55.7396 9.67876 55.4617 9.4232 54.9186 9.4232H45.5714V7.08481H54.4259C54.9691 7.08481 55.247 6.84202 55.247 6.34368C55.247 5.84533 54.9817 5.60255 54.4259 5.60255H45.5714V3.31526H54.6659C55.2091 3.31526 55.487 3.07248 55.487 2.58691C55.487 2.10134 55.2217 1.84578 54.6659 1.84578H41.9715C41.6179 1.84578 41.6052 2.19079 41.8831 2.29301" fill="white"/>
<path d="M58.3807 13.2564C58.3807 12.7581 58.1028 12.5153 57.5597 12.5153H39.636C39.396 12.5153 39.2065 12.6431 39.3328 12.937C39.4718 13.2181 40.3054 13.9848 41.038 13.9848H47.4547V22.0478C47.4547 22.1883 47.5684 22.3161 47.72 22.3161H48.9073C49.6652 22.3161 50.2588 21.7028 50.2588 20.9361V13.9848H57.5597C58.1028 13.9848 58.3807 13.742 58.3807 13.2436" fill="white"/>
<path d="M76.9979 8.45329H74.5727V1.42532C74.5727 1.27199 74.459 1.15698 74.3201 1.15698H70.9854C70.6444 1.15698 70.6191 1.50199 70.8844 1.60422C71.6802 1.92367 71.7812 2.23034 71.7812 3.0737V22.0748C71.7812 22.2153 71.8949 22.3431 72.0465 22.3431H73.2338C73.9917 22.3431 74.5853 21.7298 74.5853 20.9631V9.93555H77.0105C77.5537 9.93555 77.8316 9.69276 77.8316 9.19442C77.8316 8.69607 77.5537 8.45329 77.0105 8.45329" fill="white"/>
<path d="M65.9967 10.0626C67.0072 8.70813 68.6745 5.55194 69.0408 4.54247C69.2935 3.87801 69.0156 3.45633 68.3461 3.45633H59.3653C59.1127 3.45633 58.9232 3.58411 59.0622 3.89078C59.1885 4.1719 60.0221 4.93859 60.7674 4.93859H65.3525C64.3547 8.61869 61.1463 13.1933 58.039 16.2089C57.4454 16.8095 57.9001 17.2056 58.6832 16.7967C60.8811 15.6467 63.6599 12.976 65.1252 11.2254C65.7946 11.8516 67.6009 14.1261 68.4093 15.8128C68.9398 16.9245 69.5208 17.18 70.0008 16.8095C70.405 16.5028 70.5187 13.9727 69.7356 12.9632C69.1166 12.171 66.6409 10.5226 65.9967 10.0754" fill="white"/>
<path d="M16.5843 13.7695H4.00362C3.66258 13.7695 3.64995 14.1017 3.9152 14.2039C4.7236 14.5234 4.79939 14.8428 4.79939 15.6606V20.1458C4.79939 20.9636 5.45622 21.6408 6.27725 21.6408H15.3717C16.1928 21.6408 16.8496 20.9636 16.8496 20.1458V14.025C16.8496 13.8717 16.7233 13.7567 16.5843 13.7567M14.0455 20.1841H7.61616V15.239H14.0455V20.1841Z" fill="white"/>
<path d="M93.9611 13.5133H90.6264C90.2728 13.5133 90.2601 13.8455 90.5254 13.9477C91.3338 14.2544 91.4096 14.5738 91.4096 15.4044V16.1711H85.7255V14.0244C85.7255 13.871 85.6118 13.756 85.4603 13.756H82.1382C81.7846 13.756 81.7719 14.0883 82.0246 14.1905C82.833 14.51 82.9214 14.8294 82.9214 15.6472V20.1323C82.9214 20.9501 83.5782 21.6274 84.3992 21.6274H92.7359C93.5695 21.6274 94.2263 20.9501 94.2263 20.1323V13.756C94.2263 13.6027 94.1 13.4877 93.9737 13.4877M91.3969 20.1834H85.7129V17.6406H91.3969V20.1834Z" fill="white"/>
<path d="M94.2912 1.15698H90.9692C90.6155 1.15698 90.6029 1.50199 90.8682 1.60422C91.6766 1.92367 91.7524 2.23034 91.7524 3.06092V6.4599H88.2156C87.8998 5.96155 87.4577 5.51432 86.9399 5.16931H89.403C89.9461 5.16931 90.224 4.92653 90.224 4.42818C90.224 3.92983 89.9461 3.68705 89.403 3.68705H85.6388V1.60422C85.6388 1.46366 85.5125 1.33588 85.3736 1.33588H82.0389C81.6853 1.33588 81.6726 1.66811 81.9379 1.78311C82.7336 2.08978 82.8347 2.40924 82.8347 3.23982V3.68705H78.0222C77.7822 3.68705 77.5927 3.82761 77.7191 4.10873C77.858 4.40262 78.679 5.16931 79.4243 5.16931H81.2053C80.0558 5.94878 79.298 7.17548 79.298 8.56829C79.298 10.9195 81.4453 12.8234 84.0726 12.8234C85.7273 12.8234 87.1799 12.0695 88.0514 10.945H91.7524V12.5167C91.7524 12.6701 91.866 12.7723 92.005 12.7723H93.1923C93.9376 12.7723 94.5565 12.1589 94.5565 11.3923V1.4381C94.5565 1.27199 94.4302 1.16976 94.2912 1.16976M84.0726 11.3028C82.9863 11.3028 82.1147 10.0761 82.1147 8.55551C82.1147 7.03492 82.9863 5.80822 84.0726 5.80822C85.1589 5.80822 86.043 7.03492 86.043 8.55551C86.043 10.0761 85.1589 11.3028 84.0726 11.3028ZM91.7524 9.4372H88.7461C88.8219 9.15608 88.8472 8.86219 88.8472 8.55551C88.8472 8.33828 88.8345 8.13383 88.7966 7.91661H91.7524V9.4372Z" fill="white"/>
<path d="M113.061 1.15739H109.739C109.385 1.15739 109.36 1.48962 109.638 1.59184C110.434 1.9113 110.522 2.21797 110.522 3.04855V13.9738C108.981 15.1239 106.682 15.3283 105.166 15.3283H104.825V13.3733C106.783 12.8366 108.198 11.2265 108.198 9.30982C108.198 7.75089 107.263 6.40919 105.874 5.66806H108.678C109.221 5.66806 109.499 5.42528 109.499 4.92693C109.499 4.42859 109.234 4.1858 108.678 4.1858H104.914V2.10297C104.914 1.94963 104.8 1.83463 104.648 1.83463H101.314C100.96 1.83463 100.947 2.17964 101.213 2.26908C102.009 2.58853 102.097 2.89521 102.097 3.73857V4.1858H97.2844C97.0444 4.1858 96.855 4.32636 96.9939 4.60748C97.1202 4.8886 97.9539 5.65528 98.6865 5.65528H100.973C99.5707 6.39641 98.636 7.73812 98.636 9.29705C98.636 11.2138 100.051 12.8238 102.008 13.3605V15.3155H96.5139C96.2613 15.3155 96.0844 15.4561 96.2108 15.7372C96.3497 16.0183 97.1834 16.7978 97.916 16.7978H105.154C106.341 16.7978 108.93 16.6061 110.509 15.6478V22.0496C110.509 22.1902 110.636 22.3179 110.787 22.3179H111.975C112.72 22.3179 113.339 21.7046 113.339 20.9379V1.41295C113.339 1.25961 113.212 1.14461 113.073 1.14461M103.398 12.0571C102.312 12.0571 101.44 10.8304 101.44 9.30982C101.44 7.78923 102.312 6.56253 103.398 6.56253C104.484 6.56253 105.381 7.78923 105.381 9.30982C105.381 10.8304 104.484 12.0571 103.398 12.0571Z" fill="white"/>
<path d="M95.7955 32.0412H107.909L107.543 42.6342C107.543 43.6565 107.833 43.8992 108.25 43.9759C108.793 44.0781 109.349 43.682 109.639 42.4425C109.93 41.2031 111.256 34.6734 111.635 32.5012C112.065 30.1117 110.801 30.2778 110.018 30.2778H94.1029C93.8124 30.2778 93.5976 30.4439 93.7492 30.7889C93.9008 31.1211 94.8987 32.0412 95.7828 32.0412" fill="#1E4384"/>
<path d="M112.519 47.2595H105.812V38.481C105.812 38.3021 105.673 38.1615 105.496 38.1615H101.517C101.1 38.1615 101.075 38.5704 101.403 38.6854C102.363 39.056 102.452 39.4393 102.452 40.4232V47.2595H100.443V38.8387C100.443 38.6598 100.304 38.5193 100.127 38.5193H96.1487C95.7318 38.5193 95.7066 38.9282 96.0223 39.056C96.9823 39.4265 97.0834 39.8099 97.0834 40.7938V47.2595H91.6393C91.3488 47.2595 91.1214 47.4256 91.2856 47.7706C91.4372 48.1029 92.4351 49.0229 93.3193 49.0229H112.519C113.176 49.0229 113.504 48.729 113.504 48.1412C113.504 47.5534 113.176 47.2595 112.519 47.2595Z" fill="#1E4384"/>
<path d="M134.698 39.8475H113.288C112.998 39.8475 112.77 40.0136 112.935 40.3586C113.086 40.6908 114.084 41.6109 114.968 41.6109H119.099V45.0098H116.193C115.903 45.0098 115.676 45.1759 115.84 45.521C115.991 45.8532 116.989 46.7732 117.861 46.7732H128.345V53.0856C128.345 53.2645 128.484 53.4051 128.66 53.4051H130.088C130.972 53.4051 131.705 52.6639 131.705 51.7567V45.3293C131.705 45.1504 131.566 45.0098 131.389 45.0098H129.507V41.6109H134.698C135.342 41.6109 135.671 41.317 135.671 40.7292C135.671 40.1414 135.342 39.8475 134.698 39.8475ZM126.159 45.0098H122.446V41.6109H126.159V45.0098Z" fill="#1E4384"/>
<path d="M124.302 38.596C127.914 38.596 130.857 36.1937 130.857 33.2164C130.857 30.2391 127.927 27.824 124.302 27.824C120.677 27.824 117.759 30.2391 117.759 33.2164C117.759 36.1937 120.689 38.596 124.302 38.596ZM124.302 29.498C126.045 29.498 127.447 31.1591 127.447 33.2164C127.447 35.2737 126.032 36.9348 124.302 36.9348C122.571 36.9348 121.144 35.2737 121.144 33.2164C121.144 31.1591 122.559 29.498 124.302 29.498Z" fill="#1E4384"/>
<path d="M143.653 37.8547C146.862 37.8547 149.451 35.7718 149.451 33.2034C149.451 30.635 146.862 28.5522 143.653 28.5522C140.445 28.5522 137.868 30.635 137.868 33.2034C137.868 35.7718 140.458 37.8547 143.653 37.8547ZM143.653 30.3284C145.005 30.3284 146.104 31.6189 146.104 33.2162C146.104 34.8135 145.005 36.1041 143.653 36.1041C142.302 36.1041 141.215 34.8135 141.215 33.2162C141.215 31.6189 142.302 30.3284 143.653 30.3284Z" fill="#1E4384"/>
<path d="M155.363 50.8248H145.397V45.9947C145.397 45.8158 145.258 45.6752 145.081 45.6752H141.103C140.686 45.6752 140.66 46.0841 140.976 46.2119C141.936 46.5825 142.037 46.9658 142.037 47.9497V50.7864C142.037 51.7704 142.833 52.5754 143.806 52.5754H155.363C156.02 52.5754 156.336 52.2815 156.336 51.7065C156.336 51.1315 156.007 50.8248 155.363 50.8248Z" fill="#1E4384"/>
<path d="M142 44.5129C142 44.6918 142.139 44.8323 142.315 44.8323H143.743C144.64 44.8323 145.36 44.0912 145.36 43.1967V40.7817H146.32C147.671 40.7817 150.576 40.5644 152.484 39.5422V41.8167H147.81C147.52 41.8167 147.292 41.9828 147.444 42.3278C147.608 42.6601 148.593 43.5801 149.477 43.5801H152.471V46.8768C152.471 47.0557 152.61 47.1963 152.787 47.1963H154.214C155.111 47.1963 155.831 46.4552 155.831 45.5607V28.4125C155.831 28.2336 155.692 28.093 155.515 28.093H151.536C151.119 28.093 151.094 28.5019 151.423 28.6169C152.37 28.9875 152.484 29.3708 152.484 30.3547V37.5488C150.639 38.7883 148.063 39.0055 146.32 39.0055H136C135.709 39.0055 135.495 39.1716 135.646 39.5166C135.81 39.8489 136.796 40.7689 137.68 40.7689H142.012V44.5129H142Z" fill="#1E4384"/>
<path d="M22.6084 38.3915H18.7685C19.1095 36.8964 19.9053 33.3824 20.3221 31.4146C20.8148 29.0379 19.4885 29.1912 18.7053 29.1912H4.04047C3.74995 29.1912 3.52259 29.3573 3.67416 29.7023C3.82574 30.0346 4.83624 30.9546 5.70779 30.9546H16.5707L16.3559 38.3915H1.21107C0.920554 38.3915 0.693192 38.5576 0.844767 38.9026C1.00897 39.2348 2.00684 40.1548 2.8784 40.1548H22.6084C23.2652 40.1548 23.5936 39.861 23.5936 39.2732C23.5936 38.6854 23.2652 38.3915 22.6084 38.3915Z" fill="#1E4384"/>
<path d="M45.9643 41.2529C46.6211 41.2529 46.9495 40.959 46.9495 40.3713C46.9495 39.7835 46.6211 39.4896 45.9643 39.4896H24.5543C24.2638 39.4896 24.0365 39.6557 24.2007 39.9879C24.3522 40.3329 25.3501 41.2402 26.2343 41.2402H30.2763V45.1119C29.4553 46.0064 28.9753 47.1181 28.9753 48.3192C28.9753 51.3221 31.9184 53.7372 35.5688 53.7372C39.2192 53.7372 42.1623 51.3093 42.1623 48.3192C42.1623 47.1181 41.6823 46.0064 40.8613 45.1119V41.2402H45.9517L45.9643 41.2529ZM33.6362 41.2529H37.5266V43.1569C36.9203 43.0035 36.2509 42.9141 35.5814 42.9141C34.912 42.9141 34.2425 43.0035 33.6362 43.1569V41.2529ZM35.5814 52.0888C33.8257 52.0888 32.3983 50.4021 32.3983 48.3448C32.3983 46.2875 33.813 44.6008 35.5814 44.6008C37.3498 44.6008 38.7519 46.2747 38.7519 48.3448C38.7519 50.4149 37.3372 52.0888 35.5814 52.0888Z" fill="#1E4384"/>
<path d="M35.5805 38.596C39.2057 38.596 42.1361 36.1937 42.1361 33.2164C42.1361 30.2391 39.2057 27.824 35.5805 27.824C31.9554 27.824 29.0249 30.2391 29.0249 33.2164C29.0249 36.1937 31.968 38.596 35.5805 38.596ZM35.5805 29.498C37.3236 29.498 38.7383 31.1591 38.7383 33.2164C38.7383 35.2737 37.3236 36.9348 35.5805 36.9348C33.8374 36.9348 32.4227 35.2737 32.4227 33.2164C32.4227 31.1591 33.8374 29.498 35.5805 29.498Z" fill="#1E4384"/>
<path d="M49.5639 29.4472C50.5239 29.8177 50.6249 30.2011 50.6249 31.185V37.9319C50.6249 38.9158 51.4207 39.7208 52.3933 39.7208H65.1382C65.7824 39.7208 66.1235 39.4269 66.1235 38.8391C66.1235 38.2513 65.7951 37.9574 65.1382 37.9574H53.9722V35.159H64.5446C65.1888 35.159 65.5172 34.8651 65.5172 34.2773C65.5172 33.6895 65.1888 33.3956 64.5446 33.3956H53.9722V30.6611H64.8351C65.4919 30.6611 65.8203 30.3672 65.8203 29.7794C65.8203 29.1916 65.4919 28.8977 64.8351 28.8977H49.6776C49.2608 28.8977 49.2355 29.3066 49.5639 29.4344" fill="#1E4384"/>
<path d="M69.295 42.5592C69.295 41.9714 68.9666 41.6775 68.3224 41.6775H46.9125C46.6219 41.6775 46.4072 41.8436 46.5588 42.1886C46.7104 42.5208 47.7082 43.4409 48.5924 43.4409H56.2469V53.0756C56.2469 53.2545 56.3985 53.395 56.5627 53.395H57.9774C58.8742 53.395 59.6069 52.6667 59.6069 51.7466V43.4409H68.3098C68.9666 43.4409 69.2824 43.147 69.2824 42.5592" fill="#1E4384"/>
<path d="M91.5254 36.8205H88.6328V28.4125C88.6328 28.2336 88.4939 28.093 88.3171 28.093H84.3382C83.9088 28.093 83.8961 28.5019 84.2119 28.6169C85.1719 28.9875 85.2729 29.3708 85.2729 30.3547V53.0614C85.2729 53.2403 85.4119 53.3809 85.5887 53.3809H87.016C87.9129 53.3809 88.6328 52.6525 88.6328 51.7325V38.5583H91.5254C92.1822 38.5583 92.498 38.2644 92.498 37.6766C92.498 37.0888 92.1822 36.7949 91.5254 36.7949" fill="#1E4384"/>
<path d="M78.3881 38.7379C79.6007 37.1279 81.5838 33.3455 82.0259 32.1444C82.3164 31.3521 81.988 30.8538 81.1796 30.8538H70.4431C70.1652 30.8538 69.9252 31.0199 70.102 31.3649C70.2536 31.6972 71.2515 32.6172 72.123 32.6172H77.605C76.4177 37.0256 72.5651 42.4819 68.8642 46.0853C68.1568 46.8009 68.7 47.2737 69.6473 46.7626C72.262 45.3825 75.5966 42.2136 77.3397 40.1179C78.1229 40.8591 80.2954 43.5808 81.2681 45.587C81.8996 46.9159 82.5817 47.2226 83.1627 46.7753C83.6427 46.4048 83.7817 43.3764 82.847 42.188C82.1017 41.2424 79.1586 39.2746 78.3881 38.7379Z" fill="#1E4384"/>
<path d="M19.3745 43.1564H4.35597C3.93914 43.1564 3.91388 43.5525 4.22966 43.6803C5.18963 44.0508 5.29068 44.4342 5.29068 45.4309V50.7977C5.29068 51.7816 6.07382 52.5866 7.05906 52.5866H17.9219C18.8945 52.5866 19.6903 51.7816 19.6903 50.7977V43.4758C19.6903 43.2969 19.5387 43.1564 19.3745 43.1564ZM16.3304 50.8232H8.65059V44.9197H16.3304V50.8232Z" fill="#1E4384"/>
<path d="M19.2998 9.76873H16.0788C16.382 8.51647 17.0388 5.57751 17.3799 3.92913C17.7967 1.93574 16.6851 2.06352 16.0283 2.06352H3.75076C3.51076 2.06352 3.33393 2.20408 3.46024 2.4852C3.58655 2.76632 4.43284 3.53301 5.16546 3.53301H14.2473L14.0705 9.75595H1.38871C1.14872 9.75595 0.959252 9.89651 1.07293 10.1904C1.21188 10.4715 2.04554 11.2382 2.77815 11.2382H19.2998C19.843 11.2382 20.1208 10.9954 20.1208 10.4971C20.1208 9.99874 19.8556 9.75595 19.2998 9.75595" fill="#1E4384"/>
<path d="M38.8525 10.6886H20.9288C20.6761 10.6886 20.4867 10.8292 20.6256 11.1103C20.7519 11.3914 21.5856 12.1581 22.3308 12.1581H25.716V15.4165C25.0465 16.1705 24.6297 17.1033 24.6297 18.1C24.6297 20.6045 27.0928 22.6362 30.1496 22.6362C33.2063 22.6362 35.6694 20.6045 35.6694 18.1C35.6694 17.0905 35.2652 16.1577 34.5831 15.4165V12.1581H38.8525C39.4083 12.1581 39.6735 11.9153 39.6735 11.4298C39.6735 10.9442 39.4083 10.6886 38.8525 10.6886ZM28.5328 12.1709H31.779V13.7809C31.2737 13.6532 30.7306 13.5765 30.1496 13.5765C29.5685 13.5765 29.038 13.6532 28.5328 13.7809V12.1709ZM30.1496 21.2434C28.6843 21.2434 27.497 19.8378 27.497 18.1C27.497 16.3621 28.6843 14.9693 30.1496 14.9693C31.6148 14.9693 32.8148 16.3749 32.8148 18.1C32.8148 19.825 31.6274 21.2434 30.1496 21.2434Z" fill="#1E4384"/>
<path d="M30.149 9.94875C33.1804 9.94875 35.6309 7.92981 35.6309 5.43808C35.6309 2.94634 33.1678 0.927399 30.149 0.927399C27.1301 0.927399 24.667 2.94634 24.667 5.43808C24.667 7.92981 27.1301 9.94875 30.149 9.94875ZM30.149 2.32021C31.6142 2.32021 32.7889 3.71303 32.7889 5.43808C32.7889 7.16312 31.6142 8.55593 30.149 8.55593C28.6837 8.55593 27.509 7.16312 27.509 5.43808C27.509 3.71303 28.6964 2.32021 30.149 2.32021Z" fill="#1E4384"/>
<path d="M41.8705 2.29301C42.6789 2.61247 42.7547 2.91914 42.7547 3.74972V9.39765C42.7547 10.2282 43.4241 10.8927 44.2452 10.8927H54.9186C55.4617 10.8927 55.7396 10.6499 55.7396 10.1643C55.7396 9.67876 55.4617 9.4232 54.9186 9.4232H45.5714V7.08481H54.4259C54.9691 7.08481 55.247 6.84202 55.247 6.34368C55.247 5.84533 54.9817 5.60255 54.4259 5.60255H45.5714V3.31526H54.6659C55.2091 3.31526 55.487 3.07248 55.487 2.58691C55.487 2.10134 55.2217 1.84578 54.6659 1.84578H41.9715C41.6179 1.84578 41.6052 2.19079 41.8831 2.29301" fill="#1E4384"/>
<path d="M58.3807 13.2564C58.3807 12.7581 58.1028 12.5153 57.5597 12.5153H39.636C39.396 12.5153 39.2065 12.6431 39.3328 12.937C39.4718 13.2181 40.3054 13.9848 41.038 13.9848H47.4547V22.0478C47.4547 22.1883 47.5684 22.3161 47.72 22.3161H48.9073C49.6652 22.3161 50.2588 21.7028 50.2588 20.9361V13.9848H57.5597C58.1028 13.9848 58.3807 13.742 58.3807 13.2436" fill="#1E4384"/>
<path d="M76.9979 8.45329H74.5727V1.42532C74.5727 1.27199 74.459 1.15698 74.3201 1.15698H70.9854C70.6444 1.15698 70.6191 1.50199 70.8844 1.60422C71.6802 1.92367 71.7812 2.23034 71.7812 3.0737V22.0748C71.7812 22.2153 71.8949 22.3431 72.0465 22.3431H73.2338C73.9917 22.3431 74.5853 21.7298 74.5853 20.9631V9.93555H77.0105C77.5537 9.93555 77.8316 9.69276 77.8316 9.19442C77.8316 8.69607 77.5537 8.45329 77.0105 8.45329" fill="#1E4384"/>
<path d="M65.9967 10.0626C67.0072 8.70813 68.6745 5.55194 69.0408 4.54247C69.2935 3.87801 69.0156 3.45633 68.3461 3.45633H59.3653C59.1127 3.45633 58.9232 3.58411 59.0622 3.89078C59.1885 4.1719 60.0221 4.93859 60.7674 4.93859H65.3525C64.3547 8.61869 61.1463 13.1933 58.039 16.2089C57.4454 16.8095 57.9001 17.2056 58.6832 16.7967C60.8811 15.6467 63.6599 12.976 65.1252 11.2254C65.7946 11.8516 67.6009 14.1261 68.4093 15.8128C68.9398 16.9245 69.5208 17.18 70.0008 16.8095C70.405 16.5028 70.5187 13.9727 69.7356 12.9632C69.1166 12.171 66.6409 10.5226 65.9967 10.0754" fill="#1E4384"/>
<path d="M16.5843 13.7695H4.00362C3.66258 13.7695 3.64995 14.1017 3.9152 14.2039C4.7236 14.5234 4.79939 14.8428 4.79939 15.6606V20.1458C4.79939 20.9636 5.45622 21.6408 6.27725 21.6408H15.3717C16.1928 21.6408 16.8496 20.9636 16.8496 20.1458V14.025C16.8496 13.8717 16.7233 13.7567 16.5843 13.7567M14.0455 20.1841H7.61616V15.239H14.0455V20.1841Z" fill="#1E4384"/>
<path d="M93.9611 13.5133H90.6264C90.2728 13.5133 90.2601 13.8455 90.5254 13.9477C91.3338 14.2544 91.4096 14.5738 91.4096 15.4044V16.1711H85.7255V14.0244C85.7255 13.871 85.6118 13.756 85.4603 13.756H82.1382C81.7846 13.756 81.7719 14.0883 82.0246 14.1905C82.833 14.51 82.9214 14.8294 82.9214 15.6472V20.1323C82.9214 20.9501 83.5782 21.6274 84.3992 21.6274H92.7359C93.5695 21.6274 94.2263 20.9501 94.2263 20.1323V13.756C94.2263 13.6027 94.1 13.4877 93.9737 13.4877M91.3969 20.1834H85.7129V17.6406H91.3969V20.1834Z" fill="#1E4384"/>
<path d="M94.2912 1.15698H90.9692C90.6155 1.15698 90.6029 1.50199 90.8682 1.60422C91.6766 1.92367 91.7524 2.23034 91.7524 3.06092V6.4599H88.2156C87.8998 5.96155 87.4577 5.51432 86.9399 5.16931H89.403C89.9461 5.16931 90.224 4.92653 90.224 4.42818C90.224 3.92983 89.9461 3.68705 89.403 3.68705H85.6388V1.60422C85.6388 1.46366 85.5125 1.33588 85.3736 1.33588H82.0389C81.6853 1.33588 81.6726 1.66811 81.9379 1.78311C82.7336 2.08978 82.8347 2.40924 82.8347 3.23982V3.68705H78.0222C77.7822 3.68705 77.5927 3.82761 77.7191 4.10873C77.858 4.40262 78.679 5.16931 79.4243 5.16931H81.2053C80.0558 5.94878 79.298 7.17548 79.298 8.56829C79.298 10.9195 81.4453 12.8234 84.0726 12.8234C85.7273 12.8234 87.1799 12.0695 88.0514 10.945H91.7524V12.5167C91.7524 12.6701 91.866 12.7723 92.005 12.7723H93.1923C93.9376 12.7723 94.5565 12.1589 94.5565 11.3923V1.4381C94.5565 1.27199 94.4302 1.16976 94.2912 1.16976M84.0726 11.3028C82.9863 11.3028 82.1147 10.0761 82.1147 8.55551C82.1147 7.03492 82.9863 5.80822 84.0726 5.80822C85.1589 5.80822 86.043 7.03492 86.043 8.55551C86.043 10.0761 85.1589 11.3028 84.0726 11.3028ZM91.7524 9.4372H88.7461C88.8219 9.15608 88.8472 8.86219 88.8472 8.55551C88.8472 8.33828 88.8345 8.13383 88.7966 7.91661H91.7524V9.4372Z" fill="#1E4384"/>
<path d="M113.061 1.15739H109.739C109.385 1.15739 109.36 1.48962 109.638 1.59184C110.434 1.9113 110.522 2.21797 110.522 3.04855V13.9738C108.981 15.1239 106.682 15.3283 105.166 15.3283H104.825V13.3733C106.783 12.8366 108.198 11.2265 108.198 9.30982C108.198 7.75089 107.263 6.40919 105.874 5.66806H108.678C109.221 5.66806 109.499 5.42528 109.499 4.92693C109.499 4.42859 109.234 4.1858 108.678 4.1858H104.914V2.10297C104.914 1.94963 104.8 1.83463 104.648 1.83463H101.314C100.96 1.83463 100.947 2.17964 101.213 2.26908C102.009 2.58853 102.097 2.89521 102.097 3.73857V4.1858H97.2844C97.0444 4.1858 96.855 4.32636 96.9939 4.60748C97.1202 4.8886 97.9539 5.65528 98.6865 5.65528H100.973C99.5707 6.39641 98.636 7.73812 98.636 9.29705C98.636 11.2138 100.051 12.8238 102.008 13.3605V15.3155H96.5139C96.2613 15.3155 96.0844 15.4561 96.2108 15.7372C96.3497 16.0183 97.1834 16.7978 97.916 16.7978H105.154C106.341 16.7978 108.93 16.6061 110.509 15.6478V22.0496C110.509 22.1902 110.636 22.3179 110.787 22.3179H111.975C112.72 22.3179 113.339 21.7046 113.339 20.9379V1.41295C113.339 1.25961 113.212 1.14461 113.073 1.14461M103.398 12.0571C102.312 12.0571 101.44 10.8304 101.44 9.30982C101.44 7.78923 102.312 6.56253 103.398 6.56253C104.484 6.56253 105.381 7.78923 105.381 9.30982C105.381 10.8304 104.484 12.0571 103.398 12.0571Z" fill="#1E4384"/>
<mask id="mask0_136_766" style="mask-type:luminance" maskUnits="userSpaceOnUse" x="143" y="1" width="37" height="37">
<path d="M143.11 1.16687V15.3889C143.11 15.3889 176.949 2.78969 177.227 2.68747C177.442 2.6108 177.593 2.75136 177.517 2.99414C176.924 4.60418 164.975 37.5078 164.975 37.5078H179.02V2.81525C179.02 1.88244 178.414 1.17965 177.517 1.17965H143.11V1.16687Z" fill="white"/>
</mask>
<g mask="url(#mask0_136_766)">
<path d="M159.929 -16.9548L125.184 20.4877L162.196 55.6363L196.941 18.1938L159.929 -16.9548Z" fill="url(#paint0_linear_136_766)"/>
</g>
<path d="M177.215 2.68902C176.937 2.79125 143.098 15.3777 143.098 15.3777H163.106C164.293 15.3777 164.95 16.0166 164.95 17.3583V37.4966C164.95 37.4966 176.899 4.60574 177.493 2.9957C177.581 2.75291 177.417 2.61235 177.202 2.68902" fill="#116AB1"/>
</g>
<defs>
<linearGradient id="paint0_linear_136_766" x1="180.341" y1="-4.19676" x2="150.722" y2="26.9926" gradientUnits="userSpaceOnUse">
<stop stop-color="#F8BD1A"/>
<stop offset="0.25" stop-color="#F8A421"/>
<stop offset="0.4" stop-color="#F99C24"/>
<stop offset="1" stop-color="#F15D2A"/>
</linearGradient>
<clipPath id="clip0_136_766">
<rect width="180" height="54" fill="white"/>
</clipPath>
</defs>
</svg>
